 LARMOR Wed 30-NOV-2022 11:04 Workspace: 
 {RS22-325}_{D2O}_SANS
   64    0    0    0    1   64    0
         0         0         0         0
 3 (F12.5,2E16.6)
     0.00524    4.636234e+00    1.963481e+00    7.629128e-04
     0.00566    1.831982e+00    5.103528e-01    7.874268e-04
     0.00611    2.700597e+00    2.667765e-01    8.181882e-04
     0.00660    2.007210e+00    1.711358e-01    8.581588e-04
     0.00713    1.835282e+00    1.231367e-01    9.033575e-04
     0.00770    1.586988e+00    8.851945e-02    9.482933e-04
     0.00832    1.416177e+00    6.795708e-02    9.903429e-04
     0.00898    1.328064e+00    5.199657e-02    1.047944e-03
     0.00970    1.336460e+00    4.144986e-02    1.109585e-03
     0.01048    1.193522e+00    3.223758e-02    1.161874e-03
     0.01131    1.015472e+00    2.572447e-02    1.240773e-03
     0.01222    9.856625e-01    2.120875e-02    1.306672e-03
     0.01320    9.213343e-01    1.770554e-02    1.366327e-03
     0.01425    8.330597e-01    1.470106e-02    1.449513e-03
     0.01539    8.242800e-01    1.246342e-02    1.522785e-03
     0.01662    7.522685e-01    1.075307e-02    1.594956e-03
     0.01795    7.098239e-01    9.200115e-03    1.670791e-03
     0.01939    6.703036e-01    8.116463e-03    1.755180e-03
     0.02094    6.234029e-01    7.045565e-03    1.831644e-03
     0.02262    5.753841e-01    6.150158e-03    1.910675e-03
     0.02443    5.534464e-01    5.411101e-03    1.998224e-03
     0.02638    5.141322e-01    4.809895e-03    2.074683e-03
     0.02849    4.821669e-01    4.278104e-03    2.127723e-03
     0.03077    4.409168e-01    3.848490e-03    2.152712e-03
     0.03323    4.054007e-01    3.451847e-03    2.185550e-03
     0.03589    3.701834e-01    3.098252e-03    2.232095e-03
     0.03876    3.363613e-01    2.774454e-03    2.287745e-03
     0.04186    3.111612e-01    2.517760e-03    2.347489e-03
     0.04521    2.824188e-01    2.281435e-03    2.413599e-03
     0.04883    2.510155e-01    2.067393e-03    2.483317e-03
     0.05273    2.278188e-01    1.887644e-03    2.560169e-03
     0.05695    2.024300e-01    1.719147e-03    2.653135e-03
     0.06151    1.839463e-01    1.582928e-03    2.754548e-03
     0.06643    1.634408e-01    1.469259e-03    2.859989e-03
     0.07174    1.497428e-01    1.355892e-03    2.986821e-03
     0.07748    1.304039e-01    1.273582e-03    3.119449e-03
     0.08368    1.164627e-01    1.202408e-03    3.271719e-03
     0.09037    1.048204e-01    1.146945e-03    3.444397e-03
     0.09760    9.330323e-02    1.095630e-03    3.634167e-03
     0.10541    8.287986e-02    1.057913e-03    3.828708e-03
     0.11385    7.680307e-02    1.022955e-03    4.052493e-03
     0.12295    6.708701e-02    1.003260e-03    4.299003e-03
     0.13279    6.152300e-02    9.928755e-04    4.559036e-03
     0.14341    5.601529e-02    9.998955e-04    4.848234e-03
     0.15489    4.873022e-02    1.023511e-03    5.164162e-03
     0.16728    4.525450e-02    1.084124e-03    5.532790e-03
     0.18066    3.851751e-02    1.170687e-03    5.953527e-03
     0.19511    3.516727e-02    1.292197e-03    6.451442e-03
     0.21072    3.117711e-02    1.423283e-03    7.040102e-03
     0.22758    2.783583e-02    1.560388e-03    7.669436e-03
     0.24578    2.704737e-02    1.666524e-03    8.265652e-03
     0.26545    2.094852e-02    1.765483e-03    8.800000e-03
     0.28668    2.354742e-02    1.848591e-03    9.350555e-03
     0.30962    1.963149e-02    2.023278e-03    1.004059e-02
     0.33439    1.832376e-02    2.267784e-03    1.077314e-02
     0.36114    1.783057e-02    2.494124e-03    1.152918e-02
     0.39003    1.420523e-02    2.784474e-03    1.232432e-02
     0.42123    1.687060e-02    3.195597e-03    1.314734e-02
     0.45493    1.815775e-02    3.617780e-03    1.396964e-02
     0.49132    1.454427e-02    4.259832e-03    1.486631e-02
     0.53063    1.319221e-02    5.514421e-03    1.580561e-02
     0.57308    1.573774e-02    7.068578e-03    1.672822e-02
     0.61892   -1.729461e-03    1.121594e-02    1.781093e-02
     0.67136    1.733036e-02    1.846273e-02    2.033100e-02
