 LARMOR Wed 30-NOV-2022 11:02 Workspace: 
 {RS22-319}_{D2O}_SANS
   64    0    0    0    1   64    0
         0         0         0         0
 3 (F12.5,2E16.6)
     0.00524    2.300031e+00    1.643075e+00    7.697454e-04
     0.00566    1.895556e+00    5.166985e-01    7.906074e-04
     0.00611    2.038250e+00    2.465363e-01    8.252769e-04
     0.00660    1.564672e+00    1.610268e-01    8.569733e-04
     0.00713    1.633365e+00    1.200139e-01    9.041831e-04
     0.00770    1.278297e+00    8.365724e-02    9.527600e-04
     0.00832    1.264271e+00    6.618569e-02    9.947920e-04
     0.00898    1.121123e+00    4.965566e-02    1.048019e-03
     0.00970    1.128456e+00    3.935349e-02    1.104440e-03
     0.01048    1.018895e+00    3.064458e-02    1.167886e-03
     0.01131    9.248011e-01    2.506743e-02    1.231827e-03
     0.01222    9.061120e-01    2.070842e-02    1.301843e-03
     0.01320    8.268676e-01    1.713593e-02    1.374318e-03
     0.01425    7.742238e-01    1.441309e-02    1.446420e-03
     0.01539    7.237557e-01    1.194213e-02    1.529107e-03
     0.01662    6.802554e-01    1.043114e-02    1.597906e-03
     0.01795    6.209100e-01    8.813764e-03    1.673138e-03
     0.01939    5.921834e-01    7.812990e-03    1.760405e-03
     0.02094    5.552771e-01    6.803202e-03    1.824823e-03
     0.02262    5.070576e-01    5.921026e-03    1.923107e-03
     0.02443    4.809203e-01    5.182739e-03    2.010014e-03
     0.02638    4.464224e-01    4.611606e-03    2.069661e-03
     0.02849    4.178047e-01    4.099932e-03    2.129197e-03
     0.03077    3.801389e-01    3.688053e-03    2.139459e-03
     0.03323    3.567613e-01    3.332934e-03    2.184159e-03
     0.03589    3.313087e-01    3.010310e-03    2.230615e-03
     0.03876    3.037476e-01    2.705181e-03    2.288130e-03
     0.04186    2.816422e-01    2.458458e-03    2.342831e-03
     0.04521    2.598640e-01    2.239920e-03    2.409365e-03
     0.04883    2.339879e-01    2.038725e-03    2.485022e-03
     0.05273    2.148708e-01    1.867996e-03    2.560196e-03
     0.05695    1.950823e-01    1.711018e-03    2.649941e-03
     0.06151    1.768339e-01    1.574901e-03    2.754109e-03
     0.06643    1.587265e-01    1.465630e-03    2.870176e-03
     0.07174    1.447555e-01    1.351297e-03    2.992497e-03
     0.07748    1.297102e-01    1.276699e-03    3.120767e-03
     0.08368    1.164926e-01    1.206401e-03    3.279771e-03
     0.09037    1.032163e-01    1.147583e-03    3.445007e-03
     0.09760    9.505215e-02    1.101999e-03    3.626446e-03
     0.10541    8.368746e-02    1.062309e-03    3.833596e-03
     0.11385    7.797743e-02    1.027851e-03    4.053899e-03
     0.12295    7.026231e-02    1.011738e-03    4.300452e-03
     0.13279    6.346144e-02    9.990422e-04    4.557965e-03
     0.14341    5.745818e-02    1.005150e-03    4.855818e-03
     0.15489    5.185744e-02    1.032477e-03    5.172985e-03
     0.16728    4.309514e-02    1.081495e-03    5.530432e-03
     0.18066    4.061566e-02    1.178469e-03    5.959640e-03
     0.19511    3.714669e-02    1.300400e-03    6.442381e-03
     0.21072    3.381922e-02    1.434459e-03    7.040569e-03
     0.22758    3.050716e-02    1.572487e-03    7.666815e-03
     0.24578    2.746104e-02    1.670639e-03    8.263861e-03
     0.26545    2.222015e-02    1.772930e-03    8.804981e-03
     0.28668    2.410459e-02    1.853278e-03    9.347117e-03
     0.30962    2.166406e-02    2.034880e-03    1.006414e-02
     0.33439    1.697231e-02    2.262843e-03    1.078906e-02
     0.36114    2.113068e-02    2.514540e-03    1.155247e-02
     0.39003    1.819778e-02    2.810992e-03    1.230520e-02
     0.42123    1.312099e-02    3.171239e-03    1.315922e-02
     0.45493    1.602756e-02    3.602362e-03    1.395146e-02
     0.49132    1.527742e-02    4.269211e-03    1.485555e-02
     0.53063    1.306688e-02    5.515328e-03    1.578280e-02
     0.57308    2.212927e-02    7.178120e-03    1.674182e-02
     0.61892    9.673347e-03    1.148115e-02    1.783944e-02
     0.67136    1.062555e-02    1.815292e-02    2.032077e-02
