 LARMOR Wed 30-NOV-2022 11:00 Workspace: 
 {RS22-315}_{D2O}_SANS
   64    0    0    0    1   64    0
         0         0         0         0
 3 (F12.5,2E16.6)
     0.00524    5.041718e+00    2.002362e+00    7.674475e-04
     0.00566    6.969387e-01    4.495146e-01    7.938567e-04
     0.00611    1.078114e+00    2.069733e-01    8.196360e-04
     0.00660    1.153261e+00    1.475711e-01    8.564418e-04
     0.00713    1.127914e+00    1.074160e-01    8.948372e-04
     0.00770    1.062977e+00    7.843509e-02    9.495900e-04
     0.00832    9.943874e-01    6.104932e-02    9.961954e-04
     0.00898    9.089536e-01    4.605286e-02    1.059390e-03
     0.00970    9.049459e-01    3.606351e-02    1.105264e-03
     0.01048    8.522038e-01    2.837399e-02    1.165845e-03
     0.01131    8.349209e-01    2.387585e-02    1.233493e-03
     0.01222    7.668056e-01    1.924479e-02    1.302303e-03
     0.01320    7.128032e-01    1.604648e-02    1.376359e-03
     0.01425    6.460152e-01    1.335813e-02    1.450072e-03
     0.01539    6.093943e-01    1.107454e-02    1.526154e-03
     0.01662    5.693198e-01    9.681822e-03    1.595922e-03
     0.01795    5.178233e-01    8.172452e-03    1.665774e-03
     0.01939    4.723789e-01    7.157435e-03    1.753700e-03
     0.02094    4.394199e-01    6.222007e-03    1.821157e-03
     0.02262    3.994385e-01    5.421369e-03    1.911375e-03
     0.02443    3.584733e-01    4.665407e-03    1.993248e-03
     0.02638    3.146424e-01    4.098620e-03    2.074984e-03
     0.02849    2.892037e-01    3.628748e-03    2.125499e-03
     0.03077    2.591317e-01    3.267026e-03    2.144723e-03
     0.03323    2.331798e-01    2.928899e-03    2.182095e-03
     0.03589    2.085986e-01    2.631839e-03    2.236068e-03
     0.03876    1.840163e-01    2.353798e-03    2.284433e-03
     0.04186    1.620763e-01    2.125524e-03    2.335171e-03
     0.04521    1.428941e-01    1.929925e-03    2.407172e-03
     0.04883    1.258764e-01    1.763935e-03    2.476421e-03
     0.05273    1.114284e-01    1.615383e-03    2.566367e-03
     0.05695    9.890682e-02    1.484781e-03    2.644288e-03
     0.06151    8.950051e-02    1.376117e-03    2.751421e-03
     0.06643    7.698594e-02    1.286478e-03    2.859929e-03
     0.07174    6.862689e-02    1.187540e-03    2.983166e-03
     0.07748    6.009833e-02    1.132029e-03    3.126174e-03
     0.08368    5.275870e-02    1.076766e-03    3.264596e-03
     0.09037    4.594947e-02    1.032946e-03    3.437172e-03
     0.09760    4.112609e-02    9.951853e-04    3.628010e-03
     0.10541    3.490029e-02    9.655358e-04    3.827773e-03
     0.11385    3.419460e-02    9.398546e-04    4.054097e-03
     0.12295    3.182988e-02    9.332197e-04    4.291284e-03
     0.13279    2.733991e-02    9.229221e-04    4.573013e-03
     0.14341    2.343007e-02    9.306155e-04    4.847300e-03
     0.15489    2.218791e-02    9.635977e-04    5.171623e-03
     0.16728    1.897189e-02    1.020131e-03    5.539275e-03
     0.18066    1.715963e-02    1.113151e-03    5.964577e-03
     0.19511    1.389687e-02    1.228305e-03    6.451318e-03
     0.21072    1.248356e-02    1.359400e-03    7.067667e-03
     0.22758    1.279751e-02    1.503424e-03    7.652377e-03
     0.24578    1.160331e-02    1.603387e-03    8.253409e-03
     0.26545    8.539120e-03    1.712068e-03    8.791368e-03
     0.28668    1.099798e-02    1.790931e-03    9.386338e-03
     0.30962    9.174351e-03    1.970839e-03    1.003046e-02
     0.33439    6.973003e-03    2.205863e-03    1.077287e-02
     0.36114    6.067702e-03    2.422905e-03    1.153706e-02
     0.39003    8.761415e-03    2.745557e-03    1.231421e-02
     0.42123    4.221889e-03    3.101798e-03    1.311721e-02
     0.45493    9.018207e-03    3.536165e-03    1.397080e-02
     0.49132    6.120581e-03    4.168320e-03    1.486201e-02
     0.53063    3.099215e-03    5.382922e-03    1.578176e-02
     0.57308    1.578560e-02    7.054986e-03    1.676197e-02
     0.61892   -1.205506e-02    1.095687e-02    1.784353e-02
     0.67136    1.680978e-02    1.841077e-02    2.034009e-02
