 LARMOR Wed 30-NOV-2022 11:03 Workspace: 
 {RS22-322}_{D2O}_SANS
   64    0    0    0    1   64    0
         0         0         0         0
 3 (F12.5,2E16.6)
     0.00524    4.277633e+00    1.937083e+00    7.696864e-04
     0.00566    2.851308e+00    5.630119e-01    7.909294e-04
     0.00611    2.680990e+00    2.688970e-01    8.210051e-04
     0.00660    2.500167e+00    1.848499e-01    8.608401e-04
     0.00713    2.097174e+00    1.295768e-01    8.985497e-04
     0.00770    1.835272e+00    9.366670e-02    9.481523e-04
     0.00832    1.579525e+00    7.100205e-02    9.982923e-04
     0.00898    1.488859e+00    5.451809e-02    1.058577e-03
     0.00970    1.335238e+00    4.181399e-02    1.112972e-03
     0.01048    1.236607e+00    3.296624e-02    1.169757e-03
     0.01131    1.150086e+00    2.715871e-02    1.232682e-03
     0.01222    1.029586e+00    2.174340e-02    1.291761e-03
     0.01320    9.236608e-01    1.786466e-02    1.366478e-03
     0.01425    8.583019e-01    1.497723e-02    1.454683e-03
     0.01539    8.022178e-01    1.242569e-02    1.525060e-03
     0.01662    7.700096e-01    1.092346e-02    1.615524e-03
     0.01795    7.214032e-01    9.319999e-03    1.685392e-03
     0.01939    6.928780e-01    8.269624e-03    1.754232e-03
     0.02094    6.469329e-01    7.186549e-03    1.830852e-03
     0.02262    6.095475e-01    6.316373e-03    1.912368e-03
     0.02443    5.819338e-01    5.542180e-03    1.996770e-03
     0.02638    5.556421e-01    4.970835e-03    2.070279e-03
     0.02849    5.245164e-01    4.430408e-03    2.123390e-03
     0.03077    5.068839e-01    4.057837e-03    2.151575e-03
     0.03323    4.828293e-01    3.678979e-03    2.187033e-03
     0.03589    4.529022e-01    3.325688e-03    2.235226e-03
     0.03876    4.261307e-01    3.006756e-03    2.292272e-03
     0.04186    4.020251e-01    2.739958e-03    2.352190e-03
     0.04521    3.767378e-01    2.500241e-03    2.416284e-03
     0.04883    3.470697e-01    2.280562e-03    2.485499e-03
     0.05273    3.262093e-01    2.096742e-03    2.563339e-03
     0.05695    2.993812e-01    1.917998e-03    2.650304e-03
     0.06151    2.761552e-01    1.765989e-03    2.757496e-03
     0.06643    2.514890e-01    1.638245e-03    2.859198e-03
     0.07174    2.317979e-01    1.510451e-03    2.991351e-03
     0.07748    2.091196e-01    1.417850e-03    3.126547e-03
     0.08368    1.903347e-01    1.335360e-03    3.272911e-03
     0.09037    1.704570e-01    1.263685e-03    3.447333e-03
     0.09760    1.544952e-01    1.204093e-03    3.628516e-03
     0.10541    1.391855e-01    1.158040e-03    3.832652e-03
     0.11385    1.291347e-01    1.117373e-03    4.053057e-03
     0.12295    1.145361e-01    1.090791e-03    4.296701e-03
     0.13279    1.036515e-01    1.073262e-03    4.570915e-03
     0.14341    9.219995e-02    1.072081e-03    4.850703e-03
     0.15489    8.358956e-02    1.097214e-03    5.167090e-03
     0.16728    7.526283e-02    1.152970e-03    5.531135e-03
     0.18066    6.854934e-02    1.246553e-03    5.943105e-03
     0.19511    5.984259e-02    1.362182e-03    6.452602e-03
     0.21072    5.778149e-02    1.508264e-03    7.045988e-03
     0.22758    4.987870e-02    1.638206e-03    7.646049e-03
     0.24578    4.758040e-02    1.744702e-03    8.251399e-03
     0.26545    3.832321e-02    1.834853e-03    8.819784e-03
     0.28668    3.771304e-02    1.909304e-03    9.355437e-03
     0.30962    3.661927e-02    2.101596e-03    1.000034e-02
     0.33439    3.153789e-02    2.334631e-03    1.076028e-02
     0.36114    3.065880e-02    2.566039e-03    1.152553e-02
     0.39003    2.489512e-02    2.850422e-03    1.229807e-02
     0.42123    2.513104e-02    3.251333e-03    1.312136e-02
     0.45493    2.411920e-02    3.664172e-03    1.398118e-02
     0.49132    3.218153e-02    4.426853e-03    1.485329e-02
     0.53063    1.733694e-02    5.560159e-03    1.577199e-02
     0.57308    2.247849e-02    7.175403e-03    1.678129e-02
     0.61892    4.898680e-03    1.136132e-02    1.785146e-02
     0.67136    1.013890e-02    1.812617e-02    2.029761e-02
