 LARMOR Wed 30-NOV-2022 11:16 Workspace: 
 {RS22-319}_{D2O}_SANS
   64    0    0    0    1   64    0
         0         0         0         0
 3 (F12.5,2E16.6)
     0.00524    2.147498e+00    1.594906e+00    7.667723e-04
     0.00566    7.234128e-01    4.504054e-01    7.943542e-04
     0.00611    1.483006e+00    2.225453e-01    8.212418e-04
     0.00660    1.184285e+00    1.482851e-01    8.552193e-04
     0.00713    1.163601e+00    1.081162e-01    9.115478e-04
     0.00770    1.066962e+00    7.843873e-02    9.524955e-04
     0.00832    1.016401e+00    6.134211e-02    9.985147e-04
     0.00898    9.605823e-01    4.673653e-02    1.051958e-03
     0.00970    8.709122e-01    3.559493e-02    1.100078e-03
     0.01048    8.593816e-01    2.843171e-02    1.168598e-03
     0.01131    8.050445e-01    2.356522e-02    1.236670e-03
     0.01222    7.786791e-01    1.933328e-02    1.298305e-03
     0.01320    7.071989e-01    1.599051e-02    1.373311e-03
     0.01425    6.635444e-01    1.347067e-02    1.453852e-03
     0.01539    6.093378e-01    1.106535e-02    1.525811e-03
     0.01662    5.710937e-01    9.684237e-03    1.594249e-03
     0.01795    5.238486e-01    8.198380e-03    1.666088e-03
     0.01939    4.606885e-01    7.094412e-03    1.752591e-03
     0.02094    4.330712e-01    6.188512e-03    1.824727e-03
     0.02262    3.811956e-01    5.340078e-03    1.918144e-03
     0.02443    3.560752e-01    4.652497e-03    2.010461e-03
     0.02638    3.211378e-01    4.119854e-03    2.075226e-03
     0.02849    2.897847e-01    3.628254e-03    2.137661e-03
     0.03077    2.551423e-01    3.251402e-03    2.146830e-03
     0.03323    2.318580e-01    2.922745e-03    2.177221e-03
     0.03589    2.050089e-01    2.619279e-03    2.226140e-03
     0.03876    1.820038e-01    2.346525e-03    2.281049e-03
     0.04186    1.635619e-01    2.128435e-03    2.336547e-03
     0.04521    1.421631e-01    1.926916e-03    2.397934e-03
     0.04883    1.242101e-01    1.758763e-03    2.487653e-03
     0.05273    1.093022e-01    1.609342e-03    2.568522e-03
     0.05695    9.742563e-02    1.480562e-03    2.649978e-03
     0.06151    8.780551e-02    1.371613e-03    2.749379e-03
     0.06643    7.638167e-02    1.284584e-03    2.871227e-03
     0.07174    7.018103e-02    1.190361e-03    2.991142e-03
     0.07748    6.092353e-02    1.133254e-03    3.126580e-03
     0.08368    5.148582e-02    1.073745e-03    3.272943e-03
     0.09037    4.474944e-02    1.030151e-03    3.439252e-03
     0.09760    4.263147e-02    9.977180e-04    3.624483e-03
     0.10541    3.678730e-02    9.688295e-04    3.824494e-03
     0.11385    3.526752e-02    9.416013e-04    4.045202e-03
     0.12295    3.062617e-02    9.304933e-04    4.304542e-03
     0.13279    2.822908e-02    9.244181e-04    4.558811e-03
     0.14341    2.407681e-02    9.316823e-04    4.866191e-03
     0.15489    2.255481e-02    9.641167e-04    5.185822e-03
     0.16728    1.839482e-02    1.018455e-03    5.546255e-03
     0.18066    1.762684e-02    1.114123e-03    5.962061e-03
     0.19511    1.586627e-02    1.233905e-03    6.465593e-03
     0.21072    1.388978e-02    1.363985e-03    7.059370e-03
     0.22758    1.212040e-02    1.500981e-03    7.662387e-03
     0.24578    1.183134e-02    1.604386e-03    8.278464e-03
     0.26545    8.079155e-03    1.710296e-03    8.804698e-03
     0.28668    1.046780e-02    1.788649e-03    9.357004e-03
     0.30962    8.191043e-03    1.966172e-03    1.007422e-02
     0.33439    6.250255e-03    2.202008e-03    1.078812e-02
     0.36114    8.023124e-03    2.433997e-03    1.154906e-02
     0.39003    8.292900e-03    2.742634e-03    1.232521e-02
     0.42123    7.213201e-03    3.122927e-03    1.313631e-02
     0.45493    7.858651e-03    3.527303e-03    1.397050e-02
     0.49132    6.522924e-03    4.173291e-03    1.483835e-02
     0.53063    3.604535e-03    5.390495e-03    1.580889e-02
     0.57308    1.483951e-02    7.041858e-03    1.676487e-02
     0.61892    2.110842e-03    1.129095e-02    1.780156e-02
     0.67136    1.851785e-02    1.848971e-02    2.032416e-02
