 LARMOR Wed 30-NOV-2022 11:01 Workspace: 
 {RS22-316}_{D2O}_SANS
   64    0    0    0    1   64    0
         0         0         0         0
 3 (F12.5,2E16.6)
     0.00524    4.080483e+00    1.883744e+00    7.675235e-04
     0.00566    1.538359e+00    4.947232e-01    7.855083e-04
     0.00611    2.251235e+00    2.513893e-01    8.178807e-04
     0.00660    1.564422e+00    1.595353e-01    8.595583e-04
     0.00713    1.482236e+00    1.156964e-01    8.945763e-04
     0.00770    1.526544e+00    8.734087e-02    9.412628e-04
     0.00832    1.270279e+00    6.566803e-02    9.901503e-04
     0.00898    1.214152e+00    5.045040e-02    1.058167e-03
     0.00970    1.189989e+00    3.971985e-02    1.096116e-03
     0.01048    1.015782e+00    3.033514e-02    1.165219e-03
     0.01131    9.807850e-01    2.537545e-02    1.232481e-03
     0.01222    9.277143e-01    2.071186e-02    1.301501e-03
     0.01320    8.644347e-01    1.727402e-02    1.361778e-03
     0.01425    8.031511e-01    1.449120e-02    1.451021e-03
     0.01539    7.396036e-01    1.194656e-02    1.530975e-03
     0.01662    7.264292e-01    1.060522e-02    1.602204e-03
     0.01795    6.736891e-01    9.015026e-03    1.671064e-03
     0.01939    6.288319e-01    7.925227e-03    1.748782e-03
     0.02094    5.929268e-01    6.914537e-03    1.832777e-03
     0.02262    5.498396e-01    6.047972e-03    1.911080e-03
     0.02443    5.186762e-01    5.284653e-03    2.002637e-03
     0.02638    4.865200e-01    4.715980e-03    2.077122e-03
     0.02849    4.533212e-01    4.185887e-03    2.129716e-03
     0.03077    4.184865e-01    3.779843e-03    2.138542e-03
     0.03323    3.782852e-01    3.373765e-03    2.181090e-03
     0.03589    3.464599e-01    3.033181e-03    2.239681e-03
     0.03876    3.156624e-01    2.720059e-03    2.285374e-03
     0.04186    2.873625e-01    2.458570e-03    2.342434e-03
     0.04521    2.603547e-01    2.228849e-03    2.415682e-03
     0.04883    2.319878e-01    2.023566e-03    2.480442e-03
     0.05273    2.082159e-01    1.844148e-03    2.559684e-03
     0.05695    1.874881e-01    1.686835e-03    2.649746e-03
     0.06151    1.692487e-01    1.552177e-03    2.758952e-03
     0.06643    1.484600e-01    1.438991e-03    2.863869e-03
     0.07174    1.359144e-01    1.328458e-03    2.989447e-03
     0.07748    1.172066e-01    1.248081e-03    3.122817e-03
     0.08368    1.055700e-01    1.181684e-03    3.274858e-03
     0.09037    9.432498e-02    1.127305e-03    3.445233e-03
     0.09760    8.401183e-02    1.078274e-03    3.628794e-03
     0.10541    7.664698e-02    1.046106e-03    3.825301e-03
     0.11385    6.898909e-02    1.008068e-03    4.060162e-03
     0.12295    6.051819e-02    9.904268e-04    4.291412e-03
     0.13279    5.545492e-02    9.806138e-04    4.561348e-03
     0.14341    5.001398e-02    9.872800e-04    4.847346e-03
     0.15489    4.409255e-02    1.013048e-03    5.173114e-03
     0.16728    3.952298e-02    1.070305e-03    5.526466e-03
     0.18066    3.582099e-02    1.163206e-03    5.966548e-03
     0.19511    3.187132e-02    1.282177e-03    6.463706e-03
     0.21072    2.818068e-02    1.412915e-03    7.058269e-03
     0.22758    2.534960e-02    1.550784e-03    7.682676e-03
     0.24578    2.697468e-02    1.665396e-03    8.260589e-03
     0.26545    1.883459e-02    1.756085e-03    8.806172e-03
     0.28668    2.121363e-02    1.837529e-03    9.390882e-03
     0.30962    1.700459e-02    2.009855e-03    1.002944e-02
     0.33439    1.577579e-02    2.253383e-03    1.075643e-02
     0.36114    1.710190e-02    2.488367e-03    1.152276e-02
     0.39003    1.407526e-02    2.781726e-03    1.228668e-02
     0.42123    1.011030e-02    3.146409e-03    1.310631e-02
     0.45493    1.561706e-02    3.594594e-03    1.396987e-02
     0.49132    1.311962e-02    4.242922e-03    1.486276e-02
     0.53063    1.300730e-02    5.509134e-03    1.577522e-02
     0.57308    1.711639e-02    7.088308e-03    1.681773e-02
     0.61892    8.247577e-03    1.144639e-02    1.783064e-02
     0.67136    4.255251e-02    1.953238e-02    2.030372e-02
