 LARMOR Wed 30-NOV-2022 11:02 Workspace: 
 {RS22-321}_{D2O}_SANS
   64    0    0    0    1   64    0
         0         0         0         0
 3 (F12.5,2E16.6)
     0.00524    3.306969e+00    1.790443e+00    7.683029e-04
     0.00566    2.844628e+00    5.597347e-01    7.844369e-04
     0.00611    2.465220e+00    2.601584e-01    8.165096e-04
     0.00660    2.047050e+00    1.728607e-01    8.606249e-04
     0.00713    1.756852e+00    1.221317e-01    9.055778e-04
     0.00770    1.612073e+00    8.940223e-02    9.470863e-04
     0.00832    1.547942e+00    7.021754e-02    9.931345e-04
     0.00898    1.404566e+00    5.321979e-02    1.049529e-03
     0.00970    1.274366e+00    4.094076e-02    1.104028e-03
     0.01048    1.125952e+00    3.169027e-02    1.166553e-03
     0.01131    1.082731e+00    2.645389e-02    1.237633e-03
     0.01222    9.740130e-01    2.121186e-02    1.298748e-03
     0.01320    9.261484e-01    1.781944e-02    1.367875e-03
     0.01425    8.779007e-01    1.505372e-02    1.443906e-03
     0.01539    7.959423e-01    1.234878e-02    1.527260e-03
     0.01662    7.610475e-01    1.084312e-02    1.594519e-03
     0.01795    7.171097e-01    9.271939e-03    1.673364e-03
     0.01939    6.826937e-01    8.201757e-03    1.760838e-03
     0.02094    6.448586e-01    7.158531e-03    1.837795e-03
     0.02262    5.974798e-01    6.254936e-03    1.919126e-03
     0.02443    5.710157e-01    5.490652e-03    2.001804e-03
     0.02638    5.414171e-01    4.913651e-03    2.072178e-03
     0.02849    5.179936e-01    4.400329e-03    2.128741e-03
     0.03077    4.840932e-01    3.984509e-03    2.150035e-03
     0.03323    4.499368e-01    3.583645e-03    2.187808e-03
     0.03589    4.221234e-01    3.241409e-03    2.231057e-03
     0.03876    3.900623e-01    2.914686e-03    2.297894e-03
     0.04186    3.658266e-01    2.652770e-03    2.338656e-03
     0.04521    3.349716e-01    2.405512e-03    2.412307e-03
     0.04883    3.046680e-01    2.188727e-03    2.474661e-03
     0.05273    2.740291e-01    1.989111e-03    2.556640e-03
     0.05695    2.516816e-01    1.823008e-03    2.653129e-03
     0.06151    2.305965e-01    1.678184e-03    2.756181e-03
     0.06643    2.083469e-01    1.557845e-03    2.867087e-03
     0.07174    1.891466e-01    1.432469e-03    2.983913e-03
     0.07748    1.682665e-01    1.345148e-03    3.126346e-03
     0.08368    1.519065e-01    1.268162e-03    3.274271e-03
     0.09037    1.363408e-01    1.204637e-03    3.439829e-03
     0.09760    1.220882e-01    1.148156e-03    3.621939e-03
     0.10541    1.095255e-01    1.106621e-03    3.829236e-03
     0.11385    9.941402e-02    1.065069e-03    4.053314e-03
     0.12295    8.754073e-02    1.042164e-03    4.290740e-03
     0.13279    8.002970e-02    1.029212e-03    4.552102e-03
     0.14341    7.316775e-02    1.034927e-03    4.850130e-03
     0.15489    6.485290e-02    1.058441e-03    5.176553e-03
     0.16728    5.818741e-02    1.114598e-03    5.535374e-03
     0.18066    5.098161e-02    1.203038e-03    5.945653e-03
     0.19511    4.660466e-02    1.325267e-03    6.444610e-03
     0.21072    4.408959e-02    1.465190e-03    7.043690e-03
     0.22758    3.863076e-02    1.598917e-03    7.663409e-03
     0.24578    3.632137e-02    1.702220e-03    8.243109e-03
     0.26545    3.133008e-02    1.807025e-03    8.817214e-03
     0.28668    3.218943e-02    1.885612e-03    9.358978e-03
     0.30962    2.844270e-02    2.064076e-03    1.001556e-02
     0.33439    2.410626e-02    2.297094e-03    1.077860e-02
     0.36114    2.653533e-02    2.542892e-03    1.151577e-02
     0.39003    2.098514e-02    2.826527e-03    1.229939e-02
     0.42123    1.949932e-02    3.213836e-03    1.312108e-02
     0.45493    2.260206e-02    3.654194e-03    1.397213e-02
     0.49132    2.061682e-02    4.320400e-03    1.486227e-02
     0.53063    2.032586e-02    5.601171e-03    1.577275e-02
     0.57308    2.403352e-02    7.210276e-03    1.678729e-02
     0.61892   -1.327372e-02    1.094444e-02    1.790192e-02
     0.67136    3.925901e-02    1.938715e-02    2.032347e-02
