 LARMOR Wed 30-NOV-2022 11:03 Workspace: 
 {RS22-323}_{D2O}_SANS
   64    0    0    0    1   64    0
         0         0         0         0
 3 (F12.5,2E16.6)
     0.00524    3.034927e+00    1.734384e+00    7.599694e-04
     0.00566    2.088603e+00    5.201480e-01    7.912676e-04
     0.00611    1.515397e+00    2.240284e-01    8.215956e-04
     0.00660    1.257931e+00    1.504494e-01    8.683430e-04
     0.00713    1.254686e+00    1.102128e-01    9.009786e-04
     0.00770    1.009063e+00    7.736925e-02    9.442394e-04
     0.00832    1.060070e+00    6.208950e-02    9.979974e-04
     0.00898    9.600300e-01    4.676539e-02    1.049070e-03
     0.00970    9.963136e-01    3.720312e-02    1.105881e-03
     0.01048    8.867801e-01    2.876690e-02    1.160940e-03
     0.01131    8.605530e-01    2.412399e-02    1.226509e-03
     0.01222    7.898586e-01    1.944758e-02    1.294019e-03
     0.01320    7.219039e-01    1.611931e-02    1.372250e-03
     0.01425    6.725652e-01    1.354567e-02    1.447156e-03
     0.01539    6.490641e-01    1.133087e-02    1.524195e-03
     0.01662    5.766749e-01    9.726080e-03    1.603035e-03
     0.01795    5.408989e-01    8.297411e-03    1.676983e-03
     0.01939    4.812413e-01    7.202060e-03    1.741356e-03
     0.02094    4.491079e-01    6.266698e-03    1.833278e-03
     0.02262    3.936308e-01    5.397448e-03    1.920759e-03
     0.02443    3.611658e-01    4.676496e-03    1.993627e-03
     0.02638    3.318819e-01    4.162716e-03    2.062448e-03
     0.02849    2.895190e-01    3.630060e-03    2.119663e-03
     0.03077    2.559839e-01    3.256601e-03    2.147525e-03
     0.03323    2.361517e-01    2.938514e-03    2.188944e-03
     0.03589    2.063786e-01    2.625213e-03    2.228504e-03
     0.03876    1.841770e-01    2.354382e-03    2.283870e-03
     0.04186    1.657102e-01    2.135735e-03    2.341091e-03
     0.04521    1.437132e-01    1.932212e-03    2.409786e-03
     0.04883    1.280097e-01    1.769480e-03    2.482835e-03
     0.05273    1.132724e-01    1.620020e-03    2.554749e-03
     0.05695    9.940674e-02    1.486073e-03    2.654163e-03
     0.06151    8.917383e-02    1.375471e-03    2.737989e-03
     0.06643    7.709687e-02    1.286808e-03    2.867077e-03
     0.07174    6.925107e-02    1.188956e-03    2.987925e-03
     0.07748    5.885812e-02    1.129512e-03    3.114475e-03
     0.08368    5.439445e-02    1.080108e-03    3.282843e-03
     0.09037    4.664786e-02    1.034349e-03    3.439548e-03
     0.09760    4.200281e-02    9.969045e-04    3.623700e-03
     0.10541    3.745934e-02    9.704976e-04    3.821791e-03
     0.11385    3.545488e-02    9.422853e-04    4.053170e-03
     0.12295    3.124628e-02    9.319932e-04    4.299543e-03
     0.13279    2.820651e-02    9.246012e-04    4.564481e-03
     0.14341    2.510162e-02    9.340433e-04    4.853053e-03
     0.15489    2.256370e-02    9.643046e-04    5.173284e-03
     0.16728    1.893783e-02    1.019908e-03    5.536641e-03
     0.18066    1.536083e-02    1.108250e-03    5.942934e-03
     0.19511    1.446412e-02    1.229867e-03    6.450125e-03
     0.21072    1.535037e-02    1.368857e-03    7.064266e-03
     0.22758    1.197885e-02    1.500448e-03    7.676461e-03
     0.24578    1.198350e-02    1.604963e-03    8.263778e-03
     0.26545    9.466866e-03    1.715968e-03    8.794342e-03
     0.28668    1.077188e-02    1.790026e-03    9.396351e-03
     0.30962    8.282090e-03    1.966677e-03    1.005814e-02
     0.33439    6.596080e-03    2.203918e-03    1.076627e-02
     0.36114    6.927465e-03    2.427835e-03    1.155024e-02
     0.39003    4.342410e-03    2.717752e-03    1.233425e-02
     0.42123    5.706818e-03    3.112423e-03    1.311668e-02
     0.45493    7.403817e-03    3.523436e-03    1.394419e-02
     0.49132    5.377965e-03    4.161442e-03    1.485068e-02
     0.53063    5.905092e-03    5.416980e-03    1.577414e-02
     0.57308    1.383277e-02    7.021618e-03    1.674642e-02
     0.61892    1.601238e-03    1.127222e-02    1.787379e-02
     0.67136    4.773207e-03    1.787823e-02    2.027331e-02
