 LARMOR Wed 30-NOV-2022 11:02 Workspace: 
 {RS22-320}_{D2O}_SANS
   64    0    0    0    1   64    0
         0         0         0         0
 3 (F12.5,2E16.6)
     0.00524    3.593493e+00    1.822219e+00    7.621191e-04
     0.00566    1.592936e+00    4.980087e-01    7.857804e-04
     0.00611    1.762551e+00    2.344394e-01    8.192153e-04
     0.00660    1.508171e+00    1.581553e-01    8.617534e-04
     0.00713    1.480187e+00    1.157333e-01    8.984318e-04
     0.00770    1.286539e+00    8.306991e-02    9.408044e-04
     0.00832    1.388149e+00    6.747401e-02    1.002250e-03
     0.00898    1.195307e+00    5.021197e-02    1.059506e-03
     0.00970    1.146450e+00    3.921307e-02    1.104744e-03
     0.01048    1.068601e+00    3.089822e-02    1.164716e-03
     0.01131    9.718741e-01    2.529049e-02    1.224459e-03
     0.01222    9.016631e-01    2.049281e-02    1.298693e-03
     0.01320    8.431591e-01    1.711361e-02    1.375408e-03
     0.01425    7.656348e-01    1.423901e-02    1.448070e-03
     0.01539    7.442895e-01    1.196991e-02    1.519864e-03
     0.01662    7.052303e-01    1.048544e-02    1.602809e-03
     0.01795    6.674922e-01    8.978924e-03    1.681436e-03
     0.01939    6.181628e-01    7.872034e-03    1.749348e-03
     0.02094    5.615004e-01    6.778872e-03    1.829171e-03
     0.02262    5.481125e-01    6.037167e-03    1.914411e-03
     0.02443    5.108110e-01    5.253057e-03    2.005642e-03
     0.02638    4.754857e-01    4.676413e-03    2.075879e-03
     0.02849    4.423136e-01    4.148768e-03    2.126918e-03
     0.03077    4.008167e-01    3.725101e-03    2.154505e-03
     0.03323    3.663162e-01    3.337793e-03    2.183939e-03
     0.03589    3.355045e-01    3.001832e-03    2.221732e-03
     0.03876    3.061237e-01    2.693842e-03    2.295910e-03
     0.04186    2.783883e-01    2.434965e-03    2.342040e-03
     0.04521    2.529584e-01    2.209989e-03    2.406633e-03
     0.04883    2.257822e-01    2.008138e-03    2.485026e-03
     0.05273    2.015956e-01    1.828367e-03    2.564092e-03
     0.05695    1.849815e-01    1.680310e-03    2.651505e-03
     0.06151    1.655657e-01    1.543482e-03    2.739699e-03
     0.06643    1.450635e-01    1.431186e-03    2.865292e-03
     0.07174    1.323497e-01    1.320507e-03    2.988769e-03
     0.07748    1.170278e-01    1.246807e-03    3.124244e-03
     0.08368    1.021483e-01    1.174420e-03    3.275530e-03
     0.09037    8.992245e-02    1.118374e-03    3.442477e-03
     0.09760    8.054397e-02    1.071117e-03    3.627472e-03
     0.10541    7.254041e-02    1.037819e-03    3.832798e-03
     0.11385    6.530084e-02    1.000463e-03    4.059591e-03
     0.12295    5.827729e-02    9.854678e-04    4.302273e-03
     0.13279    5.339569e-02    9.759153e-04    4.563730e-03
     0.14341    4.757637e-02    9.816878e-04    4.853252e-03
     0.15489    4.235456e-02    1.008666e-03    5.170061e-03
     0.16728    3.856312e-02    1.067389e-03    5.530551e-03
     0.18066    3.136123e-02    1.151033e-03    5.948302e-03
     0.19511    2.978204e-02    1.275272e-03    6.452637e-03
     0.21072    2.816984e-02    1.411698e-03    7.021558e-03
     0.22758    2.430868e-02    1.545624e-03    7.664355e-03
     0.24578    2.370397e-02    1.651157e-03    8.284095e-03
     0.26545    2.127203e-02    1.764074e-03    8.802132e-03
     0.28668    1.688867e-02    1.817081e-03    9.382342e-03
     0.30962    1.631411e-02    2.004739e-03    1.005516e-02
     0.33439    1.466126e-02    2.245662e-03    1.078379e-02
     0.36114    1.441781e-02    2.470973e-03    1.153022e-02
     0.39003    1.158677e-02    2.763899e-03    1.229248e-02
     0.42123    1.079436e-02    3.148595e-03    1.313362e-02
     0.45493    1.331096e-02    3.572418e-03    1.396990e-02
     0.49132    1.693973e-02    4.275686e-03    1.485565e-02
     0.53063    4.427448e-03    5.399720e-03    1.580350e-02
     0.57308    1.319766e-02    7.011103e-03    1.677374e-02
     0.61892    5.900118e-03    1.136969e-02    1.784332e-02
     0.67136    2.495394e-02    1.873280e-02    2.034191e-02
