 LARMOR Wed 30-NOV-2022 11:03 Workspace: 
 {RS22-324}_{D2O}_SANS
   64    0    0    0    1   64    0
         0         0         0         0
 3 (F12.5,2E16.6)
     0.00524    2.571485e+00    1.670141e+00    7.642252e-04
     0.00566    1.435955e+00    4.901956e-01    7.942185e-04
     0.00611    2.275043e+00    2.525467e-01    8.234095e-04
     0.00660    1.831103e+00    1.666248e-01    8.593351e-04
     0.00713    1.831346e+00    1.230187e-01    9.005269e-04
     0.00770    1.484655e+00    8.670613e-02    9.468204e-04
     0.00832    1.488389e+00    6.899947e-02    9.886190e-04
     0.00898    1.344663e+00    5.219172e-02    1.054167e-03
     0.00970    1.305940e+00    4.108655e-02    1.107126e-03
     0.01048    1.146586e+00    3.174114e-02    1.168098e-03
     0.01131    1.036925e+00    2.590908e-02    1.234365e-03
     0.01222    9.810672e-01    2.116479e-02    1.304579e-03
     0.01320    9.161128e-01    1.766249e-02    1.377801e-03
     0.01425    8.488397e-01    1.479694e-02    1.454432e-03
     0.01539    8.030526e-01    1.233191e-02    1.515163e-03
     0.01662    7.474372e-01    1.072129e-02    1.599816e-03
     0.01795    7.082575e-01    9.186845e-03    1.681324e-03
     0.01939    6.477376e-01    8.011618e-03    1.749334e-03
     0.02094    6.083492e-01    6.979514e-03    1.830744e-03
     0.02262    5.660314e-01    6.110795e-03    1.914719e-03
     0.02443    5.287320e-01    5.321227e-03    1.995230e-03
     0.02638    4.794225e-01    4.693546e-03    2.079293e-03
     0.02849    4.525567e-01    4.184345e-03    2.133094e-03
     0.03077    4.125527e-01    3.763110e-03    2.148980e-03
     0.03323    3.797742e-01    3.378537e-03    2.183947e-03
     0.03589    3.508724e-01    3.045389e-03    2.226455e-03
     0.03876    3.125247e-01    2.712465e-03    2.285892e-03
     0.04186    2.831096e-01    2.448519e-03    2.342321e-03
     0.04521    2.561670e-01    2.219310e-03    2.408888e-03
     0.04883    2.308349e-01    2.021131e-03    2.474805e-03
     0.05273    2.044341e-01    1.836000e-03    2.562500e-03
     0.05695    1.833306e-01    1.678104e-03    2.652091e-03
     0.06151    1.642151e-01    1.541856e-03    2.751273e-03
     0.06643    1.471111e-01    1.436275e-03    2.859444e-03
     0.07174    1.326172e-01    1.321959e-03    2.978500e-03
     0.07748    1.163480e-01    1.246351e-03    3.125414e-03
     0.08368    1.028129e-01    1.176417e-03    3.276489e-03
     0.09037    9.146538e-02    1.121906e-03    3.442170e-03
     0.09760    8.266021e-02    1.075637e-03    3.623208e-03
     0.10541    7.336588e-02    1.039954e-03    3.826840e-03
     0.11385    6.661718e-02    1.003515e-03    4.062031e-03
     0.12295    5.896387e-02    9.873587e-04    4.295848e-03
     0.13279    5.397405e-02    9.776235e-04    4.562631e-03
     0.14341    4.854989e-02    9.842208e-04    4.841168e-03
     0.15489    4.316152e-02    1.010953e-03    5.166655e-03
     0.16728    3.864419e-02    1.068136e-03    5.524537e-03
     0.18066    3.366573e-02    1.157510e-03    5.950446e-03
     0.19511    2.961612e-02    1.275411e-03    6.456082e-03
     0.21072    2.682438e-02    1.408004e-03    7.026265e-03
     0.22758    2.532927e-02    1.549968e-03    7.644944e-03
     0.24578    2.336429e-02    1.650603e-03    8.267070e-03
     0.26545    1.930460e-02    1.756975e-03    8.826472e-03
     0.28668    2.066037e-02    1.834123e-03    9.408644e-03
     0.30962    1.628773e-02    2.005488e-03    1.003753e-02
     0.33439    1.498511e-02    2.248351e-03    1.075925e-02
     0.36114    1.538352e-02    2.477775e-03    1.153613e-02
     0.39003    1.464091e-02    2.784611e-03    1.233508e-02
     0.42123    1.283736e-02    3.165127e-03    1.309937e-02
     0.45493    1.623135e-02    3.599661e-03    1.394966e-02
     0.49132    1.725377e-02    4.283938e-03    1.485714e-02
     0.53063    1.454812e-02    5.528424e-03    1.579540e-02
     0.57308    1.633670e-02    7.076891e-03    1.680330e-02
     0.61892    2.049391e-03    1.130528e-02    1.781189e-02
     0.67136    1.896487e-02    1.854757e-02    2.033446e-02
