 LARMOR Wed 30-NOV-2022 11:01 Workspace: 
 {RS22-318}_{D2O}_SANS
   64    0    0    0    1   64    0
         0         0         0         0
 3 (F12.5,2E16.6)
     0.00524    3.139111e+00    1.763116e+00    7.688332e-04
     0.00566    1.864825e+00    5.129914e-01    7.872662e-04
     0.00611    2.307057e+00    2.544794e-01    8.161695e-04
     0.00660    1.796030e+00    1.663098e-01    8.607698e-04
     0.00713    1.616790e+00    1.190666e-01    9.054380e-04
     0.00770    1.663061e+00    9.013522e-02    9.488194e-04
     0.00832    1.367454e+00    6.744766e-02    9.950858e-04
     0.00898    1.258850e+00    5.127302e-02    1.050901e-03
     0.00970    1.215203e+00    4.020326e-02    1.098974e-03
     0.01048    1.112948e+00    3.151311e-02    1.161591e-03
     0.01131    1.007161e+00    2.573423e-02    1.233850e-03
     0.01222    9.305623e-01    2.082927e-02    1.307346e-03
     0.01320    8.915484e-01    1.755046e-02    1.369231e-03
     0.01425    8.280725e-01    1.471685e-02    1.445443e-03
     0.01539    7.787986e-01    1.223385e-02    1.525877e-03
     0.01662    7.414858e-01    1.072840e-02    1.602703e-03
     0.01795    7.127938e-01    9.242595e-03    1.689660e-03
     0.01939    6.704058e-01    8.141104e-03    1.751265e-03
     0.02094    6.307064e-01    7.095884e-03    1.836818e-03
     0.02262    5.970562e-01    6.248905e-03    1.922883e-03
     0.02443    5.801435e-01    5.518175e-03    1.998158e-03
     0.02638    5.403607e-01    4.906974e-03    2.077626e-03
     0.02849    5.145060e-01    4.387045e-03    2.132673e-03
     0.03077    4.881747e-01    3.993359e-03    2.145582e-03
     0.03323    4.577864e-01    3.602208e-03    2.178114e-03
     0.03589    4.307410e-01    3.261028e-03    2.238225e-03
     0.03876    4.014008e-01    2.940018e-03    2.291577e-03
     0.04186    3.713638e-01    2.663819e-03    2.336683e-03
     0.04521    3.449441e-01    2.425850e-03    2.414231e-03
     0.04883    3.205800e-01    2.220732e-03    2.477475e-03
     0.05273    2.910259e-01    2.022472e-03    2.555842e-03
     0.05695    2.673850e-01    1.852811e-03    2.653315e-03
     0.06151    2.425594e-01    1.700158e-03    2.749450e-03
     0.06643    2.199193e-01    1.578497e-03    2.868708e-03
     0.07174    2.013880e-01    1.454108e-03    2.989665e-03
     0.07748    1.819180e-01    1.368767e-03    3.123516e-03
     0.08368    1.615256e-01    1.284517e-03    3.274722e-03
     0.09037    1.445688e-01    1.218477e-03    3.442799e-03
     0.09760    1.329774e-01    1.166548e-03    3.628772e-03
     0.10541    1.185958e-01    1.122035e-03    3.829870e-03
     0.11385    1.075663e-01    1.079225e-03    4.062718e-03
     0.12295    9.747242e-02    1.059845e-03    4.293194e-03
     0.13279    8.829240e-02    1.044451e-03    4.562926e-03
     0.14341    7.861141e-02    1.045419e-03    4.856846e-03
     0.15489    7.043499e-02    1.069892e-03    5.179764e-03
     0.16728    6.466473e-02    1.129040e-03    5.528984e-03
     0.18066    5.730034e-02    1.218686e-03    5.966479e-03
     0.19511    5.039708e-02    1.335958e-03    6.444850e-03
     0.21072    4.488895e-02    1.468138e-03    7.037178e-03
     0.22758    4.329318e-02    1.615721e-03    7.653238e-03
     0.24578    3.939891e-02    1.714659e-03    8.256848e-03
     0.26545    3.392889e-02    1.818149e-03    8.794184e-03
     0.28668    3.537877e-02    1.899953e-03    9.370984e-03
     0.30962    3.069303e-02    2.075275e-03    1.002420e-02
     0.33439    2.578614e-02    2.306444e-03    1.075835e-02
     0.36114    2.650683e-02    2.543548e-03    1.152909e-02
     0.39003    2.452575e-02    2.848702e-03    1.232056e-02
     0.42123    2.339602e-02    3.240289e-03    1.313581e-02
     0.45493    2.241181e-02    3.651464e-03    1.397768e-02
     0.49132    2.332467e-02    4.343559e-03    1.486651e-02
     0.53063    1.992597e-02    5.590644e-03    1.579974e-02
     0.57308    2.350381e-02    7.191090e-03    1.680288e-02
     0.61892    5.805460e-03    1.137938e-02    1.785880e-02
     0.67136    1.653277e-02    1.839657e-02    2.032479e-02
