 LARMOR Wed 30-NOV-2022 11:04 Workspace: 
 {RS22-326}_{D2O}_SANS
   64    0    0    0    1   64    0
         0         0         0         0
 3 (F12.5,2E16.6)
     0.00524    4.725732e+00    1.986080e+00    7.626631e-04
     0.00566    2.935517e+00    5.638019e-01    7.881523e-04
     0.00611    2.806175e+00    2.712512e-01    8.200062e-04
     0.00660    2.475719e+00    1.831895e-01    8.594966e-04
     0.00713    1.995798e+00    1.268717e-01    8.991655e-04
     0.00770    1.849664e+00    9.339164e-02    9.413485e-04
     0.00832    1.650900e+00    7.164551e-02    9.922381e-04
     0.00898    1.560420e+00    5.510453e-02    1.047876e-03
     0.00970    1.400382e+00    4.232138e-02    1.107104e-03
     0.01048    1.266432e+00    3.309509e-02    1.159739e-03
     0.01131    1.134413e+00    2.688579e-02    1.239397e-03
     0.01222    1.084236e+00    2.207210e-02    1.303331e-03
     0.01320    1.002686e+00    1.834682e-02    1.372220e-03
     0.01425    9.066212e-01    1.522427e-02    1.442175e-03
     0.01539    8.700697e-01    1.277211e-02    1.526372e-03
     0.01662    7.865930e-01    1.096961e-02    1.594553e-03
     0.01795    7.511551e-01    9.428920e-03    1.689159e-03
     0.01939    7.083009e-01    8.307596e-03    1.753776e-03
     0.02094    6.505306e-01    7.176766e-03    1.838486e-03
     0.02262    6.339335e-01    6.385382e-03    1.909028e-03
     0.02443    5.924158e-01    5.560150e-03    2.006740e-03
     0.02638    5.514774e-01    4.942332e-03    2.067854e-03
     0.02849    5.248531e-01    4.417856e-03    2.125791e-03
     0.03077    4.897705e-01    3.997891e-03    2.145875e-03
     0.03323    4.570523e-01    3.600332e-03    2.184530e-03
     0.03589    4.326024e-01    3.265717e-03    2.234991e-03
     0.03876    3.939826e-01    2.922365e-03    2.292201e-03
     0.04186    3.703508e-01    2.661508e-03    2.345048e-03
     0.04521    3.370226e-01    2.408624e-03    2.406782e-03
     0.04883    3.112234e-01    2.201220e-03    2.482124e-03
     0.05273    2.804490e-01    2.001070e-03    2.567397e-03
     0.05695    2.583994e-01    1.835235e-03    2.648458e-03
     0.06151    2.363499e-01    1.688308e-03    2.753720e-03
     0.06643    2.106010e-01    1.561317e-03    2.862515e-03
     0.07174    1.943789e-01    1.441387e-03    2.991702e-03
     0.07748    1.728318e-01    1.352746e-03    3.127884e-03
     0.08368    1.554116e-01    1.273857e-03    3.283320e-03
     0.09037    1.378889e-01    1.206945e-03    3.443625e-03
     0.09760    1.251986e-01    1.153177e-03    3.626994e-03
     0.10541    1.115031e-01    1.109735e-03    3.827875e-03
     0.11385    1.020588e-01    1.069441e-03    4.057178e-03
     0.12295    9.099736e-02    1.048110e-03    4.287780e-03
     0.13279    8.263344e-02    1.033790e-03    4.567297e-03
     0.14341    7.389795e-02    1.036094e-03    4.847083e-03
     0.15489    6.805020e-02    1.064772e-03    5.176751e-03
     0.16728    6.010147e-02    1.118667e-03    5.522915e-03
     0.18066    5.381273e-02    1.209889e-03    5.949964e-03
     0.19511    4.918396e-02    1.332384e-03    6.450852e-03
     0.21072    4.405877e-02    1.465328e-03    7.033337e-03
     0.22758    4.085393e-02    1.607076e-03    7.663688e-03
     0.24578    3.798902e-02    1.709089e-03    8.261585e-03
     0.26545    3.275361e-02    1.813165e-03    8.794171e-03
     0.28668    3.216461e-02    1.885954e-03    9.353273e-03
     0.30962    2.913233e-02    2.067468e-03    1.001948e-02
     0.33439    2.356539e-02    2.294465e-03    1.077163e-02
     0.36114    2.298812e-02    2.523029e-03    1.150767e-02
     0.39003    2.185035e-02    2.831482e-03    1.230151e-02
     0.42123    1.794268e-02    3.202506e-03    1.316207e-02
     0.45493    2.071224e-02    3.637883e-03    1.397301e-02
     0.49132    2.156659e-02    4.327642e-03    1.482608e-02
     0.53063    1.468502e-02    5.531493e-03    1.577902e-02
     0.57308    3.453702e-02    7.375037e-03    1.681908e-02
     0.61892    1.193183e-02    1.153008e-02    1.783109e-02
     0.67136    2.160614e-02    1.864960e-02    2.028812e-02
